8 9 75
14 15 26
15 14 26
15 13 56
10 13 90
4 1 53
9 8 75
7 6 42
13 4 26
13 7 92
13 10 90
14 4 86
15 1 80
4 3 93
7 10 64
15 11 77
4 14 86
11 6 13
10 7 64
11 15 77
12 14 93
9 14 36
8 9 80
13 5 78
14 9 36
13 14 49
1 15 80
13 15 56
3 4 93
9 8 80
6 11 13
5 13 78
6 7 42
14 13 49
11 2 41
1 4 53
2 11 41
7 13 92
14 12 93
4 13 26
