20 18 34
16 15 24
22 19 83
16 17 100
14 8 28
17 16 100
29 30 29
30 21 35
7 6 40
14 21 73
22 10 2
8 14 28
29 10 38
12 10 13
28 30 42
16 5 82
11 21 29
14 25 58
22 28 23
20 26 72
18 11 54
15 20 36
30 27 12
8 2 83
20 1 13
21 30 35
6 1 60
21 17 56
5 15 61
25 14 58
28 24 46
13 21 13
9 8 98
6 7 40
7 30 34
4 23 68
17 11 81
23 19 18
3 4 77
19 23 18
25 24 13
20 15 36
21 11 29
20 9 85
15 24 80
9 29 46
1 6 39
1 25 77
10 12 13
30 6 5
24 15 80
26 30 89
7 8 19
30 26 89
30 29 23
19 16 95
21 13 13
16 7 92
15 16 24
27 23 90
7 16 92
17 21 56
1 6 60
26 20 72
28 22 23
19 22 83
25 26 56
6 30 5
4 29 88
30 7 34
25 1 77
1 20 13
9 20 85
4 3 77
6 19 52
11 17 81
20 30 57
23 27 90
10 22 2
13 18 46
6 19 36
2 19 69
19 17 88
16 19 95
10 29 38
23 4 68
4 16 30
8 7 19
16 4 30
24 25 13
19 2 69
30 28 42
27 30 12
8 9 98
26 25 56
12 20 95
30 29 29
29 30 23
11 18 54
29 4 88
18 13 46
27 5 59
5 16 82
17 19 88
17 27 12
30 20 57
7 16 23
6 1 39
19 6 52
2 8 83
29 9 46
5 27 59
27 17 12
24 28 46
16 7 23
20 12 95
18 20 34
21 14 73
19 6 36
15 5 61
