50 27 80
33 10 95
8 44 7
36 59 4
23 7 23
60 23 7
56 50 51
21 43 61
35 11 30
10 32 61
50 30 13
9 12 25
19 21 22
30 45 63
37 40 6
45 30 63
16 29 82
36 22 25
41 16 22
31 54 23
48 44 32
60 58 20
17 60 10
41 35 14
26 47 53
42 53 41
33 29 92
21 4 41
46 58 14
21 19 22
17 37 66
60 20 79
35 41 14
49 41 37
56 47 26
31 1 93
38 57 52
51 26 35
47 25 45
39 8 61
54 40 22
11 4 86
52 32 40
29 16 82
45 60 53
22 36 25
50 34 13
42 24 95
39 20 15
27 7 49
50 56 51
44 43 52
16 41 22
1 31 93
13 3 2
12 27 84
57 60 73
60 32 31
20 39 15
52 59 5
54 55 14
47 26 53
26 15 55
37 48 66
36 4 69
44 48 32
1 2 57
31 1 58
19 3 14
59 52 5
31 48 5
14 30 99
32 60 31
33 42 66
58 23 72
44 28 86
16 11 99
49 51 36
6 47 82
46 2 25
43 44 52
53 51 93
30 48 65
26 9 22
29 33 92
41 49 37
18 44 97
48 30 65
48 57 36
60 5 84
13 59 38
59 36 4
32 10 61
59 49 31
12 9 25
39 3 78
23 58 72
18 22 72
38 53 53
27 54 22
44 12 37
2 46 25
30 29 45
40 54 22
59 24 87
18 22 94
7 25 52
14 23 35
53 42 41
48 36 45
24 59 87
49 54 29
58 59 32
9 26 22
40 26 68
22 18 72
44 8 7
47 56 26
29 23 48
2 1 57
4 21 41
56 59 97
57 38 52
44 18 97
49 59 31
42 35 99
6 32 53
1 10 18
48 31 5
10 33 95
46 40 27
60 45 53
27 12 84
54 31 23
50 19 92
53 60 56
5 60 84
40 37 6
42 33 66
28 44 86
48 37 66
56 50 44
23 29 48
23 7 57
53 38 53
40 46 27
15 26 55
30 50 13
10 1 18
13 50 91
25 7 52
21 44 45
32 6 53
3 13 2
22 18 94
50 13 91
7 27 49
60 57 73
45 57 19
57 45 19
8 39 61
4 25 33
4 36 69
1 52 4
14 60 2
31 25 14
44 16 22
24 42 95
59 13 38
46 53 64
35 42 99
21 24 30
7 23 57
57 48 36
25 31 14
52 1 4
22 29 89
37 17 66
37 47 94
59 60 49
4 11 86
51 49 36
47 6 82
59 56 97
24 21 30
50 56 44
1 31 58
50 25 83
12 44 37
27 50 80
5 20 22
51 53 93
29 22 89
7 23 23
19 50 92
30 29 99
58 60 20
20 60 79
9 44 89
11 16 99
39 44 7
43 21 61
25 4 33
25 50 83
60 59 49
29 30 99
12 5 62
59 55 21
53 46 64
11 35 30
55 54 14
3 19 14
60 17 10
25 47 45
30 14 99
36 48 45
26 40 68
23 14 35
20 5 22
55 59 21
58 46 14
23 60 7
47 37 94
29 30 45
3 39 78
59 58 32
44 9 89
60 53 56
5 12 62
34 50 13
54 27 22
44 21 45
58 48 24
48 58 24
44 39 7
54 49 29
26 51 35
16 44 22
32 52 40
60 14 2
