71 27 97
27 70 60
37 32 84
7 62 87
60 47 19
26 68 53
9 39 90
68 26 53
89 13 99
39 9 90
87 86 65
54 61 75
88 89 40
58 86 44
88 60 40
14 52 39
40 85 1
42 7 63
16 23 76
77 82 7
31 11 26
35 77 51
83 87 11
5 19 35
87 88 19
64 71 63
58 80 10
69 80 61
33 43 53
87 83 11
48 67 46
73 9 80
90 89 39
79 78 43
78 50 28
43 71 42
52 76 48
26 1 76
1 18 89
65 38 27
56 61 64
80 42 83
27 71 97
47 29 86
65 74 5
19 41 12
89 88 40
49 59 95
57 32 98
57 59 76
4 15 26
46 51 56
14 82 41
61 56 64
89 73 18
41 23 62
9 37 73
68 66 47
19 82 18
77 35 51
73 89 18
63 49 59
8 74 73
14 17 61
57 37 28
63 64 54
23 80 73
64 60 17
76 71 37
42 80 83
15 4 26
26 2 96
63 14 22
84 55 17
38 4 86
64 73 45
60 22 50
23 6 47
26 38 27
54 63 54
52 83 56
86 58 44
60 88 40
1 26 76
26 11 16
41 24 1
13 89 99
71 43 42
49 4 27
55 39 54
90 9 44
5 3 78
80 58 24
52 14 39
71 41 54
61 86 98
57 39 37
82 43 78
29 47 86
37 57 28
51 66 44
82 76 97
70 36 61
17 47 67
45 68 13
4 38 86
82 14 41
28 5 41
4 49 27
3 4 60
9 90 44
52 83 97
38 25 91
61 86 11
71 21 96
18 63 33
32 37 84
35 90 19
41 19 12
27 89 14
82 83 73
80 62 42
54 62 89
53 86 82
73 64 45
29 1 69
74 59 72
84 74 2
18 38 91
88 75 11
37 89 42
85 70 55
58 70 36
86 61 98
73 4 73
36 26 39
86 61 11
46 83 89
86 87 65
39 55 54
63 82 14
66 68 47
17 14 61
54 49 81
48 73 79
57 38 98
10 15 52
85 50 42
22 60 50
42 87 5
80 23 73
71 59 85
75 56 86
38 43 6
89 27 14
5 28 41
10 64 8
80 69 61
64 17 28
36 70 61
81 88 42
59 74 72
5 43 87
59 49 95
19 5 35
85 87 4
22 33 51
76 82 97
55 84 17
64 78 64
71 76 37
27 12 72
17 64 28
86 84 81
70 68 33
34 31 38
28 66 61
20 3 98
78 64 64
78 87 47
61 25 81
65 26 22
81 62 22
43 38 6
9 53 81
75 1 49
38 65 27
33 22 53
74 79 15
50 78 28
83 4 58
25 38 91
33 11 24
13 27 63
61 67 56
62 7 87
2 50 98
62 80 42
22 33 53
15 10 52
47 19 82
3 5 78
68 70 33
82 77 7
83 52 56
4 73 73
80 87 33
19 47 82
59 71 85
74 63 53
37 82 5
84 86 81
83 46 89
68 45 13
86 72 12
72 79 24
88 81 42
80 34 84
82 63 14
50 10 94
83 82 73
63 44 60
12 27 72
60 64 17
63 54 54
89 90 39
78 79 43
82 19 18
87 78 47
35 79 67
53 9 81
7 42 63
87 80 33
60 8 55
44 41 55
11 33 24
49 54 81
18 1 89
38 26 27
30 87 15
74 84 2
31 34 38
4 83 58
11 26 16
67 48 46
88 87 19
23 39 7
24 41 1
67 61 56
46 19 56
76 52 48
74 46 94
67 50 96
37 9 73
32 57 98
72 86 12
6 23 47
33 22 51
11 31 26
74 65 5
27 13 63
83 67 36
86 53 82
50 2 98
26 36 39
73 48 79
80 15 67
56 6 5
85 40 1
61 54 75
82 57 33
21 71 96
83 52 97
41 44 55
79 72 24
10 50 94
6 56 5
66 28 61
56 75 86
49 63 59
59 57 76
58 80 24
66 51 44
56 7 100
79 74 15
75 88 11
74 8 73
39 57 37
90 35 19
34 80 84
71 81 90
1 29 69
70 27 60
64 63 54
53 36 2
23 41 62
80 58 10
14 63 22
7 56 100
41 71 54
41 39 67
19 46 56
9 73 80
79 84 35
87 42 5
64 10 8
63 74 53
32 50 40
23 16 76
43 5 87
89 37 42
3 20 98
36 53 2
5 15 67
20 88 77
46 74 94
15 80 67
38 57 98
50 32 40
38 18 91
15 5 67
88 20 77
81 71 90
67 83 36
61 47 93
50 85 42
43 33 53
39 33 35
62 81 22
1 75 49
24 38 91
79 35 67
38 24 91
63 18 33
39 41 67
70 85 55
33 39 35
47 61 93
57 82 33
62 54 89
51 46 56
50 67 96
2 26 96
87 30 15
87 85 4
39 23 7
26 65 22
47 60 19
47 17 67
4 3 60
57 34 59
82 37 5
8 60 55
25 61 81
84 79 35
34 57 59
44 63 60
71 64 63
70 58 36
43 82 78
